0.00013518333435058594
9.512901306152344e-05
0.0001895427703857422
7.843971252441406e-05
7.414817810058594e-05
0.0002894401550292969
9.012222290039062e-05
6.461143493652344e-05
5.745887756347656e-05
5.793571472167969e-05
5.793571472167969e-05
0.00014138221740722656
7.82012939453125e-05
6.29425048828125e-05
6.794929504394531e-05
0.0001373291015625
5.841255187988281e-05
7.534027099609375e-05
0.00011348724365234375
6.29425048828125e-05
7.486343383789062e-05
7.2479248046875e-05
6.389617919921875e-05
6.771087646484375e-05
8.392333984375e-05
6.580352783203125e-05
6.341934204101562e-05
6.794929504394531e-05
6.341934204101562e-05
6.771087646484375e-05
6.4849853515625e-05
6.4849853515625e-05
6.890296936035156e-05
5.936622619628906e-05
5.888938903808594e-05
5.8650970458984375e-05
6.794929504394531e-05
6.580352783203125e-05
6.67572021484375e-05
5.9604644775390625e-05
9.512901306152344e-05
7.939338684082031e-05
7.104873657226562e-05
8.296966552734375e-05
7.605552673339844e-05
7.176399230957031e-05
9.1552734375e-05
8.916854858398438e-05
9.274482727050781e-05
9.1552734375e-05
8.654594421386719e-05
7.557868957519531e-05
0.00010633468627929688
0.00014162063598632812
8.916854858398438e-05
0.00010442733764648438
8.368492126464844e-05
8.082389831542969e-05
8.893013000488281e-05
7.82012939453125e-05
8.487701416015625e-05
7.796287536621094e-05
8.940696716308594e-05
0.0001533031463623047
0.0001323223114013672
7.724761962890625e-05
8.153915405273438e-05
9.465217590332031e-05
0.00011444091796875
0.00010919570922851562
8.7738037109375e-05
7.557868957519531e-05
8.296966552734375e-05
9.775161743164062e-05
0.0001201629638671875
9.369850158691406e-05
0.00011539459228515625
0.00011181831359863281
0.0001266002655029297
0.00010848045349121094
0.000102996826171875
0.00011587142944335938
0.00010633468627929688
9.560585021972656e-05
0.00010204315185546875
9.965896606445312e-05
9.703636169433594e-05
0.00010800361633300781
0.00011014938354492188
0.00010085105895996094
0.0001442432403564453
0.00011110305786132812
0.00011491775512695312
0.00011777877807617188
0.0005202293395996094
0.00024008750915527344
0.00010228157043457031
0.00010991096496582031
0.0001125335693359375
0.0001239776611328125
0.0006325244903564453
0.0003376007080078125
0.0001666545867919922
0.0002353191375732422
0.00016045570373535156
0.00012683868408203125
0.0001277923583984375
0.00012183189392089844
0.00012683868408203125
0.00019168853759765625
0.00012993812561035156
0.00011515617370605469
0.000133514404296875
0.00018668174743652344
0.00010943412780761719
0.00010585784912109375
0.0001251697540283203
0.0001220703125
0.00011396408081054688
0.00011014938354492188
