0.3100557327270508
0.2843289375305176
0.2352769374847412
0.35070157051086426
0.3643186092376709
0.2684752941131592
0.2790334224700928
0.26055335998535156
0.3778669834136963
0.3305084705352783
0.39232850074768066
0.29738903045654297
0.3274576663970947
0.4025304317474365
0.38666296005249023
0.47942495346069336
0.29700589179992676
0.36268138885498047
0.2792384624481201
0.4037942886352539
0.2959136962890625
0.323955774307251
0.3855302333831787
0.4021320343017578
0.3903021812438965
0.36574602127075195
0.32616758346557617
0.4317948818206787
0.3550839424133301
0.2634758949279785
0.4370737075805664
0.404926061630249
0.4535984992980957
0.4118046760559082
0.3401942253112793
0.3117990493774414
0.3126041889190674
0.4390256404876709
0.2848327159881592
0.3682572841644287
0.40579795837402344
0.2838592529296875
0.3101987838745117
0.40424370765686035
0.2198033332824707
0.40631675720214844
0.25217485427856445
0.32543277740478516
0.4523437023162842
0.25001049041748047
0.3109283447265625
0.35632991790771484
0.37435102462768555
0.3541693687438965
0.39967966079711914
0.32784104347229004
0.32335329055786133
0.29637956619262695
0.3534200191497803
0.3122401237487793
0.2637319564819336
0.467592716217041
0.40325236320495605
0.34188032150268555
0.34204554557800293
0.4808940887451172
0.2622842788696289
0.260667085647583
0.2456350326538086
0.21425676345825195
0.23284339904785156
0.33660054206848145
0.3507547378540039
0.29163336753845215
0.3855173587799072
0.2268524169921875
0.32054877281188965
0.29912447929382324
0.3038051128387451
0.31850218772888184
0.2738332748413086
0.2730393409729004
0.3796412944793701
0.2637035846710205
0.1999216079711914
0.27199864387512207
0.28438639640808105
0.35832953453063965
0.24222826957702637
0.3598966598510742
0.2734992504119873
0.22376728057861328
0.33139705657958984
0.39145898818969727
0.27118349075317383
0.19709062576293945
0.2690861225128174
0.4644961357116699
0.36214232444763184
0.42774009704589844
0.34426259994506836
0.41559457778930664
0.23673224449157715
0.457869291305542
0.2953958511352539
0.292987585067749
0.27788877487182617
0.32290172576904297
0.3087747097015381
0.2482762336730957
0.20822906494140625
0.2757692337036133
0.36000728607177734
0.2173783779144287
0.36452579498291016
0.20557308197021484
0.30173587799072266
0.2883176803588867
0.2778289318084717
0.29189324378967285
