0.3383514881134033
0.28953075408935547
0.2424635887145996
0.3543887138366699
0.3710494041442871
0.2739253044128418
0.29365992546081543
0.2774238586425781
0.3911144733428955
0.3382713794708252
0.40668702125549316
0.3072059154510498
0.340773344039917
0.4232621192932129
0.4016880989074707
0.5026438236236572
0.30182385444641113
0.36830687522888184
0.2898893356323242
0.4438438415527344
0.3121001720428467
0.33785510063171387
0.40546202659606934
0.42414331436157227
0.4099764823913574
0.37561917304992676
0.3418583869934082
0.4627354145050049
0.37804079055786133
0.27713561058044434
0.4568471908569336
0.4421234130859375
0.48569488525390625
0.41800761222839355
0.3660135269165039
0.3245091438293457
0.330172061920166
0.45177483558654785
0.2904226779937744
0.4039640426635742
0.4213526248931885
0.293215274810791
0.3271031379699707
0.42087650299072266
0.2272663116455078
0.41726112365722656
0.2565596103668213
0.33605384826660156
0.46506643295288086
0.25890302658081055
0.32263970375061035
0.3675575256347656
0.38715147972106934
0.3645920753479004
0.40981626510620117
0.33266258239746094
0.3335540294647217
0.29978418350219727
0.3661975860595703
0.3075859546661377
0.261594295501709
0.472916841506958
0.408794641494751
0.34883689880371094
0.337460994720459
0.4847686290740967
0.2668914794921875
0.2693459987640381
0.25226521492004395
0.21995306015014648
0.23460745811462402
0.34157443046569824
0.35643839836120605
0.2975900173187256
0.39667248725891113
0.23270320892333984
0.32884788513183594
0.3083822727203369
0.30867695808410645
0.32428503036499023
0.2781813144683838
0.28049516677856445
0.3809237480163574
0.2636106014251709
0.20214581489562988
0.27606964111328125
0.2925558090209961
0.37082529067993164
0.24696588516235352
0.36992430686950684
0.2766571044921875
0.2299964427947998
0.33556151390075684
0.40060901641845703
0.2736036777496338
0.19680261611938477
0.27385830879211426
0.461622953414917
0.3649582862854004
0.4325590133666992
0.3432128429412842
0.42020678520202637
0.23785138130187988
0.460766077041626
0.29947614669799805
0.3027489185333252
0.28488636016845703
0.3209857940673828
0.31204795837402344
0.25224781036376953
0.20864605903625488
0.2822551727294922
0.3701004981994629
0.22277450561523438
0.36912035942077637
0.2070002555847168
0.30760812759399414
0.2918741703033447
0.28163623809814453
0.2982337474822998
