0.00014209747314453125
8.58306884765625e-05
7.319450378417969e-05
5.459785461425781e-05
7.343292236328125e-05
0.000110626220703125
0.00010037422180175781
8.463859558105469e-05
0.00013017654418945312
8.440017700195312e-05
0.00010895729064941406
0.00016069412231445312
0.00014591217041015625
8.130073547363281e-05
0.00013065338134765625
7.128715515136719e-05
0.00014352798461914062
6.890296936035156e-05
6.389617919921875e-05
5.984306335449219e-05
0.00011539459228515625
7.009506225585938e-05
6.127357482910156e-05
5.936622619628906e-05
5.555152893066406e-05
5.459785461425781e-05
0.00011038780212402344
6.961822509765625e-05
0.00013756752014160156
6.437301635742188e-05
5.5789947509765625e-05
0.00017881393432617188
6.556510925292969e-05
7.390975952148438e-05
6.151199340820312e-05
6.151199340820312e-05
5.5789947509765625e-05
6.079673767089844e-05
6.413459777832031e-05
6.461143493652344e-05
6.318092346191406e-05
5.841255187988281e-05
5.888938903808594e-05
5.5789947509765625e-05
7.62939453125e-05
6.175041198730469e-05
6.318092346191406e-05
6.29425048828125e-05
6.222724914550781e-05
5.888938903808594e-05
5.745887756347656e-05
5.745887756347656e-05
5.8650970458984375e-05
5.936622619628906e-05
6.031990051269531e-05
6.079673767089844e-05
6.29425048828125e-05
6.222724914550781e-05
6.151199340820312e-05
6.198883056640625e-05
6.341934204101562e-05
6.29425048828125e-05
6.771087646484375e-05
6.985664367675781e-05
6.580352783203125e-05
6.937980651855469e-05
7.319450378417969e-05
0.00010228157043457031
0.00010323524475097656
8.845329284667969e-05
0.00013113021850585938
8.678436279296875e-05
0.00010251998901367188
9.322166442871094e-05
0.00011157989501953125
0.00010085105895996094
8.177757263183594e-05
9.202957153320312e-05
8.487701416015625e-05
8.58306884765625e-05
8.58306884765625e-05
7.939338684082031e-05
9.131431579589844e-05
0.0001385211944580078
0.0001087188720703125
0.00010585784912109375
9.226799011230469e-05
0.00012540817260742188
0.00012040138244628906
0.00017642974853515625
0.00013589859008789062
0.00011444091796875
0.00011134147644042969
0.00011777877807617188
0.0001251697540283203
0.00012612342834472656
0.00010919570922851562
9.775161743164062e-05
0.0001010894775390625
9.775161743164062e-05
0.0001480579376220703
0.00011110305786132812
0.00010466575622558594
0.00010395050048828125
0.00010323524475097656
0.00010251998901367188
0.00010251998901367188
0.00010085105895996094
0.00010275840759277344
0.00010251998901367188
9.870529174804688e-05
0.00010323524475097656
9.799003601074219e-05
0.00010371208190917969
0.00013208389282226562
0.000118255615234375
0.00011944770812988281
0.00011086463928222656
0.00012159347534179688
0.00010824203491210938
