0.35357117652893066
0.3305966854095459
0.26226186752319336
0.3692967891693115
0.3934445381164551
0.3075563907623291
0.3229389190673828
0.29418492317199707
0.4150245189666748
0.3632991313934326
0.43340253829956055
0.3298976421356201
0.3645756244659424
0.4936065673828125
0.43598055839538574
0.5359666347503662
0.33293962478637695
0.3970310688018799
0.3107600212097168
0.45577359199523926
0.33461594581604004
0.3685417175292969
0.43326330184936523
0.456362247467041
0.43385767936706543
0.40308618545532227
0.36409687995910645
0.49155306816101074
0.40381574630737305
0.30229687690734863
0.48059654235839844
0.4589533805847168
0.5130598545074463
0.4597034454345703
0.3858335018157959
0.35527539253234863
0.36311817169189453
0.49112367630004883
0.316986083984375
0.4178011417388916
0.45815515518188477
0.3137376308441162
0.34778308868408203
0.45337963104248047
0.24634194374084473
0.45121264457702637
0.278914213180542
0.3958897590637207
0.5181405544281006
0.28334999084472656
0.3787994384765625
0.41710591316223145
0.4537966251373291
0.40923571586608887
0.4729762077331543
0.4042482376098633
0.37136054039001465
0.3396601676940918
0.41292834281921387
0.3531076908111572
0.32221508026123047
0.5325675010681152
0.4658946990966797
0.3960082530975342
0.4041593074798584
0.5576596260070801
0.31540966033935547
0.2954976558685303
0.3027331829071045
0.24599528312683105
0.26497411727905273
0.43211817741394043
0.42651915550231934
0.3362603187561035
0.4329490661621094
0.2591972351074219
0.3586599826812744
0.3417065143585205
0.34165287017822266
0.36035776138305664
0.3036811351776123
0.31001758575439453
0.4271523952484131
0.29039955139160156
0.2237076759338379
0.31621694564819336
0.3165144920349121
0.40264368057250977
0.270615816116333
0.4153618812561035
0.3013145923614502
0.2522706985473633
0.36948299407958984
0.4427816867828369
0.2983255386352539
0.2235114574432373
0.29810595512390137
0.5183675289154053
0.39749574661254883
0.4785337448120117
0.3877439498901367
0.500654935836792
0.27115869522094727
0.5177826881408691
0.3341832160949707
0.3354794979095459
0.31557202339172363
0.37364792823791504
0.34465980529785156
0.28940606117248535
0.23590517044067383
0.30887889862060547
0.4014737606048584
0.24162054061889648
0.40122222900390625
0.227494478225708
0.340301513671875
0.32503628730773926
0.31291985511779785
0.37111639976501465
