0.00037407875061035156
0.0003857612609863281
0.0002713203430175781
0.00028824806213378906
0.0002570152282714844
0.0002586841583251953
0.00029754638671875
0.00023293495178222656
0.00023055076599121094
0.0002300739288330078
0.00021219253540039062
0.00022149085998535156
0.00020694732666015625
0.00019693374633789062
0.00023221969604492188
0.00023365020751953125
0.00021600723266601562
0.00028014183044433594
0.0002410411834716797
0.00030684471130371094
0.00025582313537597656
0.00022268295288085938
0.0002040863037109375
0.0002124309539794922
0.00018930435180664062
0.0002205371856689453
0.00022149085998535156
0.0002307891845703125
0.00023412704467773438
0.00023126602172851562
0.00021195411682128906
0.00023603439331054688
0.0007529258728027344
0.00031304359436035156
0.0003662109375
0.0002989768981933594
0.0002918243408203125
0.00028324127197265625
0.0002503395080566406
0.00025963783264160156
0.00023221969604492188
0.00022673606872558594
0.0002410411834716797
0.00022864341735839844
0.00031256675720214844
0.00031828880310058594
0.000240325927734375
0.00024175643920898438
0.00023627281188964844
0.00023174285888671875
0.00021791458129882812
0.00021910667419433594
0.00021386146545410156
0.0002071857452392578
0.00020647048950195312
0.000244140625
0.00022363662719726562
0.00020956993103027344
0.00025010108947753906
0.00024056434631347656
0.0002167224884033203
0.0002105236053466797
0.0002040863037109375
0.00021886825561523438
0.00041174888610839844
0.00023174285888671875
0.00023818016052246094
0.000232696533203125
0.00025081634521484375
0.0002703666687011719
0.00023603439331054688
0.00021886825561523438
0.00018668174743652344
0.00019669532775878906
0.0003008842468261719
0.00019598007202148438
0.0001914501190185547
0.00017762184143066406
0.0003314018249511719
0.00020551681518554688
0.00018310546875
0.0001938343048095703
0.00017714500427246094
0.000209808349609375
0.0001895427703857422
0.0002658367156982422
0.0002491474151611328
0.00022530555725097656
0.00024962425231933594
0.000255584716796875
0.00021266937255859375
0.00023818016052246094
0.00021648406982421875
0.000244140625
0.0001919269561767578
0.0001876354217529297
0.00019311904907226562
0.00016736984252929688
0.0001819133758544922
0.0002033710479736328
0.00028204917907714844
0.0003573894500732422
0.00024700164794921875
0.0002930164337158203
0.00019860267639160156
0.00016617774963378906
0.00015687942504882812
0.0001430511474609375
0.00014328956604003906
0.00014638900756835938
0.000148773193359375
0.00015664100646972656
0.00021004676818847656
0.0001456737518310547
0.00013971328735351562
0.000156402587890625
0.00015211105346679688
0.00014543533325195312
0.0001552104949951172
0.00016570091247558594
