0.0002942085266113281
0.00028896331787109375
0.0002932548522949219
0.00028514862060546875
0.0003077983856201172
0.0002086162567138672
0.00028228759765625
0.00024509429931640625
0.00031566619873046875
0.00048232078552246094
0.00024127960205078125
0.00021648406982421875
0.00020837783813476562
0.00019073486328125
0.00020051002502441406
0.00021576881408691406
0.00024580955505371094
0.0002512931823730469
0.00029754638671875
0.00023984909057617188
0.0003383159637451172
0.00023102760314941406
0.00024080276489257812
0.00021648406982421875
0.00018143653869628906
0.00020623207092285156
0.0001933574676513672
0.00019311904907226562
0.00020051002502441406
0.0002028942108154297
0.0001976490020751953
0.00020551681518554688
0.00020003318786621094
0.00019788742065429688
0.00018906593322753906
0.0002548694610595703
0.00020360946655273438
0.0002231597900390625
0.0002338886260986328
0.0002834796905517578
0.0002117156982421875
0.00020813941955566406
0.00021028518676757812
0.0002002716064453125
0.00019788742065429688
0.00020003318786621094
0.00019168853759765625
0.0002532005310058594
0.0002734661102294922
0.0003895759582519531
0.00022864341735839844
0.00024437904357910156
0.0002231597900390625
0.00019693374633789062
0.00021004676818847656
0.00020503997802734375
0.00019073486328125
0.00018286705017089844
0.00020241737365722656
0.0002028942108154297
0.0002224445343017578
0.00020742416381835938
0.00018215179443359375
0.00018739700317382812
0.00018978118896484375
0.00018739700317382812
0.0001842975616455078
0.000171661376953125
0.0001888275146484375
0.00018024444580078125
0.0001804828643798828
0.00017523765563964844
0.00017499923706054688
0.000171661376953125
0.00017023086547851562
0.00016450881958007812
0.00017523765563964844
0.00017118453979492188
0.00016832351684570312
0.0001671314239501953
0.00017523765563964844
0.00017023086547851562
0.0002639293670654297
0.00028204917907714844
0.00029659271240234375
0.000202178955078125
0.00041675567626953125
0.00032019615173339844
0.0001952648162841797
0.00016832351684570312
0.00016069412231445312
0.00015783309936523438
0.00015234947204589844
0.00016188621520996094
0.00015234947204589844
0.00016546249389648438
0.00016164779663085938
0.00015091896057128906
0.00014591217041015625
0.00015234947204589844
0.00014781951904296875
0.00014519691467285156
0.00015234947204589844
0.0001480579376220703
0.00014662742614746094
0.000148773193359375
0.00015044212341308594
0.0001404285430908203
0.00014162063598632812
0.0001430511474609375
0.00014519691467285156
0.0001423358917236328
0.00013494491577148438
0.00013494491577148438
0.00015234947204589844
0.0001926422119140625
0.000152587890625
0.0001327991485595703
0.00013327598571777344
0.00013828277587890625
