0.0018508434295654297
0.001850128173828125
0.0016207695007324219
0.00099945068359375
0.0023620128631591797
0.0018644332885742188
0.003935813903808594
0.001348257064819336
0.0027348995208740234
0.0038144588470458984
0.0038149356842041016
0.002098560333251953
0.0013897418975830078
0.0016474723815917969
0.004869222640991211
0.0068171024322509766
0.0029387474060058594
0.0058803558349609375
0.0027418136596679688
0.0049877166748046875
0.006918907165527344
0.005148172378540039
0.008488178253173828
0.0063381195068359375
0.004320621490478516
0.0037305355072021484
0.0013341903686523438
0.0023415088653564453
0.0017893314361572266
0.0018546581268310547
0.0021402835845947266
0.0027146339416503906
0.0018436908721923828
0.004537105560302734
0.004053592681884766
0.004148006439208984
0.002075672149658203
0.005484819412231445
0.003284931182861328
0.0031757354736328125
0.0022192001342773438
0.0036962032318115234
0.006034135818481445
0.003731966018676758
0.004814624786376953
0.0027685165405273438
0.002694845199584961
0.006890535354614258
0.0036880970001220703
0.004271030426025391
0.004224300384521484
0.003612041473388672
0.002450227737426758
0.005229473114013672
0.0030770301818847656
0.002886533737182617
0.0018281936645507812
0.001308441162109375
0.0032935142517089844
0.0031235218048095703
0.0017781257629394531
0.00225067138671875
0.007711648941040039
0.0013234615325927734
0.0034055709838867188
0.0041239261627197266
0.0026209354400634766
0.0020821094512939453
0.0008823871612548828
0.0013551712036132812
0.00156402587890625
0.0023055076599121094
0.002603292465209961
0.0015177726745605469
0.0022766590118408203
0.00254058837890625
0.001847982406616211
0.002177715301513672
0.0024728775024414062
0.006134986877441406
0.0016908645629882812
0.0021915435791015625
0.0015747547149658203
0.0022280216217041016
0.0023992061614990234
0.0021638870239257812
0.0021877288818359375
0.00045108795166015625
0.0012786388397216797
0.0010521411895751953
0.0015974044799804688
0.0005362033843994141
0.002240896224975586
0.002686023712158203
0.0017383098602294922
0.0025949478149414062
0.0017538070678710938
0.0008640289306640625
0.0009031295776367188
0.0022644996643066406
0.0011227130889892578
0.0008294582366943359
0.0010268688201904297
0.001583099365234375
0.0038344860076904297
0.001459360122680664
0.0032639503479003906
0.005322694778442383
0.0030591487884521484
0.006165981292724609
0.002248525619506836
0.004550933837890625
0.0012526512145996094
0.003154754638671875
0.004319667816162109
0.0023527145385742188
0.0029969215393066406
0.0013356208801269531
0.0012867450714111328
0.002817869186401367
