0.0020647048950195312
0.0018677711486816406
0.0017979145050048828
0.0017201900482177734
0.002351045608520508
0.0016040802001953125
0.0009975433349609375
0.0017442703247070312
0.002302408218383789
0.0013072490692138672
0.0009486675262451172
0.00220489501953125
0.0020852088928222656
0.0022487640380859375
0.001705169677734375
0.0013341903686523438
0.0015261173248291016
0.002390623092651367
0.001708984375
0.0012850761413574219
0.0027191638946533203
0.0017299652099609375
0.0021011829376220703
0.0025413036346435547
0.002839803695678711
0.0017158985137939453
0.001720428466796875
0.002225637435913086
0.002146005630493164
0.0025844573974609375
0.002096414566040039
0.002604961395263672
0.0016398429870605469
0.001300811767578125
0.001369476318359375
0.0016911029815673828
0.002110719680786133
0.0033049583435058594
0.0017011165618896484
0.0013163089752197266
0.002678394317626953
0.0021059513092041016
0.0018246173858642578
0.0018639564514160156
0.00047206878662109375
0.001889944076538086
0.0028290748596191406
0.0028715133666992188
0.0015997886657714844
0.0013399124145507812
0.0012099742889404297
0.0021514892578125
0.0012874603271484375
0.0024251937866210938
0.002104043960571289
0.0013363361358642578
0.0023245811462402344
0.0017077922821044922
0.002107381820678711
0.0025365352630615234
0.0017027854919433594
0.0012631416320800781
0.0017290115356445312
0.0016949176788330078
0.0016562938690185547
0.0015964508056640625
0.0012600421905517578
0.0008852481842041016
0.0010790824890136719
0.001337289810180664
0.0012812614440917969
0.0019168853759765625
0.0014185905456542969
0.00047588348388671875
0.0008556842803955078
0.0008835792541503906
0.0005240440368652344
0.0007932186126708984
0.00048089027404785156
0.00041747093200683594
0.00087738037109375
0.001264333724975586
0.001310110092163086
0.0008440017700195312
0.0008044242858886719
0.0009398460388183594
0.0012357234954833984
0.0005290508270263672
0.0008273124694824219
0.0005421638488769531
0.0005762577056884766
0.0008127689361572266
0.00048613548278808594
0.0011811256408691406
0.0006098747253417969
0.0004928112030029297
0.0005125999450683594
0.0005180835723876953
0.0004916191101074219
0.0005292892456054688
0.0005116462707519531
0.0005021095275878906
0.0004665851593017578
0.00048279762268066406
0.0005419254302978516
0.00041222572326660156
0.00044608116149902344
0.00039196014404296875
0.00045800209045410156
0.0004649162292480469
0.0005166530609130859
0.0004966259002685547
0.0004925727844238281
0.0004901885986328125
0.0005016326904296875
0.0007028579711914062
0.00045490264892578125
0.0005178451538085938
0.0004143714904785156
0.0005083084106445312
